//AXRNGLMT 1
///CRC 1022308666
///COMMENT
16136,35182
0,0,0,0,0
0,0.000,0.000
0,0.000,0.000
0,0.000,0.000
0,0.000,0.000
0,0.000,0.000
0,0.000,0.000
0,0.000,0.000
0,0.000,0.000
0,0
0,0
0,0
0,0
0,0
0
0,0,0,0,0,0,0,0
0,0,0,0,0,0,0,0
//AXRNGLMT 2
///CRC 1022308666
///COMMENT
16136,35182
0,0,0,0,0
0,0.000,0.000
0,0.000,0.000
0,0.000,0.000
0,0.000,0.000
0,0.000,0.000
0,0.000,0.000
0,0.000,0.000
0,0.000,0.000
0,0
0,0
0,0
0,0
0,0
0
0,0,0,0,0,0,0,0
0,0,0,0,0,0,0,0
//AXRNGLMT 3
///CRC 1022308666
///COMMENT
16136,35182
0,0,0,0,0
0,0.000,0.000
0,0.000,0.000
0,0.000,0.000
0,0.000,0.000
0,0.000,0.000
0,0.000,0.000
0,0.000,0.000
0,0.000,0.000
0,0
0,0
0,0
0,0
0,0
0
0,0,0,0,0,0,0,0
0,0,0,0,0,0,0,0
//AXRNGLMT 4
///CRC 1022308666
///COMMENT
16136,35182
0,0,0,0,0
0,0.000,0.000
0,0.000,0.000
0,0.000,0.000
0,0.000,0.000
0,0.000,0.000
0,0.000,0.000
0,0.000,0.000
0,0.000,0.000
0,0
0,0
0,0
0,0
0,0
0
0,0,0,0,0,0,0,0
0,0,0,0,0,0,0,0
//AXRNGLMT 5
///CRC 1022308666
///COMMENT
16136,35182
0,0,0,0,0
0,0.000,0.000
0,0.000,0.000
0,0.000,0.000
0,0.000,0.000
0,0.000,0.000
0,0.000,0.000
0,0.000,0.000
0,0.000,0.000
0,0
0,0
0,0
0,0
0,0
0
0,0,0,0,0,0,0,0
0,0,0,0,0,0,0,0
//AXRNGLMT 6
///CRC 1022308666
///COMMENT
16136,35182
0,0,0,0,0
0,0.000,0.000
0,0.000,0.000
0,0.000,0.000
0,0.000,0.000
0,0.000,0.000
0,0.000,0.000
0,0.000,0.000
0,0.000,0.000
0,0
0,0
0,0
0,0
0,0
0
0,0,0,0,0,0,0,0
0,0,0,0,0,0,0,0
//AXRNGLMT 7
///CRC 1022308666
///COMMENT
16136,35182
0,0,0,0,0
0,0.000,0.000
0,0.000,0.000
0,0.000,0.000
0,0.000,0.000
0,0.000,0.000
0,0.000,0.000
0,0.000,0.000
0,0.000,0.000
0,0
0,0
0,0
0,0
0,0
0
0,0,0,0,0,0,0,0
0,0,0,0,0,0,0,0
//AXRNGLMT 8
///CRC 1022308666
///COMMENT
16136,35182
0,0,0,0,0
0,0.000,0.000
0,0.000,0.000
0,0.000,0.000
0,0.000,0.000
0,0.000,0.000
0,0.000,0.000
0,0.000,0.000
0,0.000,0.000
0,0
0,0
0,0
0,0
0,0
0
0,0,0,0,0,0,0,0
0,0,0,0,0,0,0,0
//AXRNGLMT 9
///CRC 1022308666
///COMMENT
16136,35182
0,0,0,0,0
0,0.000,0.000
0,0.000,0.000
0,0.000,0.000
0,0.000,0.000
0,0.000,0.000
0,0.000,0.000
0,0.000,0.000
0,0.000,0.000
0,0
0,0
0,0
0,0
0,0
0
0,0,0,0,0,0,0,0
0,0,0,0,0,0,0,0
//AXRNGLMT 10
///CRC 1022308666
///COMMENT
16136,35182
0,0,0,0,0
0,0.000,0.000
0,0.000,0.000
0,0.000,0.000
0,0.000,0.000
0,0.000,0.000
0,0.000,0.000
0,0.000,0.000
0,0.000,0.000
0,0
0,0
0,0
0,0
0,0
0
0,0,0,0,0,0,0,0
0,0,0,0,0,0,0,0
//AXRNGLMT 11
///CRC 1022308666
///COMMENT
16136,35182
0,0,0,0,0
0,0.000,0.000
0,0.000,0.000
0,0.000,0.000
0,0.000,0.000
0,0.000,0.000
0,0.000,0.000
0,0.000,0.000
0,0.000,0.000
0,0
0,0
0,0
0,0
0,0
0
0,0,0,0,0,0,0,0
0,0,0,0,0,0,0,0
//AXRNGLMT 12
///CRC 1022308666
///COMMENT
16136,35182
0,0,0,0,0
0,0.000,0.000
0,0.000,0.000
0,0.000,0.000
0,0.000,0.000
0,0.000,0.000
0,0.000,0.000
0,0.000,0.000
0,0.000,0.000
0,0
0,0
0,0
0,0
0,0
0
0,0,0,0,0,0,0,0
0,0,0,0,0,0,0,0
//AXRNGLMT 13
///CRC 1022308666
///COMMENT
16136,35182
0,0,0,0,0
0,0.000,0.000
0,0.000,0.000
0,0.000,0.000
0,0.000,0.000
0,0.000,0.000
0,0.000,0.000
0,0.000,0.000
0,0.000,0.000
0,0
0,0
0,0
0,0
0,0
0
0,0,0,0,0,0,0,0
0,0,0,0,0,0,0,0
//AXRNGLMT 14
///CRC 1022308666
///COMMENT
16136,35182
0,0,0,0,0
0,0.000,0.000
0,0.000,0.000
0,0.000,0.000
0,0.000,0.000
0,0.000,0.000
0,0.000,0.000
0,0.000,0.000
0,0.000,0.000
0,0
0,0
0,0
0,0
0,0
0
0,0,0,0,0,0,0,0
0,0,0,0,0,0,0,0
//AXRNGLMT 15
///CRC 1022308666
///COMMENT
16136,35182
0,0,0,0,0
0,0.000,0.000
0,0.000,0.000
0,0.000,0.000
0,0.000,0.000
0,0.000,0.000
0,0.000,0.000
0,0.000,0.000
0,0.000,0.000
0,0
0,0
0,0
0,0
0,0
0
0,0,0,0,0,0,0,0
0,0,0,0,0,0,0,0
//AXRNGLMT 16
///CRC 1022308666
///COMMENT
16136,35182
0,0,0,0,0
0,0.000,0.000
0,0.000,0.000
0,0.000,0.000
0,0.000,0.000
0,0.000,0.000
0,0.000,0.000
0,0.000,0.000
0,0.000,0.000
0,0
0,0
0,0
0,0
0,0
0
0,0,0,0,0,0,0,0
0,0,0,0,0,0,0,0
//AXRNGLMT 17
///CRC 1022308666
///COMMENT
16136,35182
0,0,0,0,0
0,0.000,0.000
0,0.000,0.000
0,0.000,0.000
0,0.000,0.000
0,0.000,0.000
0,0.000,0.000
0,0.000,0.000
0,0.000,0.000
0,0
0,0
0,0
0,0
0,0
0
0,0,0,0,0,0,0,0
0,0,0,0,0,0,0,0
//AXRNGLMT 18
///CRC 1022308666
///COMMENT
16136,35182
0,0,0,0,0
0,0.000,0.000
0,0.000,0.000
0,0.000,0.000
0,0.000,0.000
0,0.000,0.000
0,0.000,0.000
0,0.000,0.000
0,0.000,0.000
0,0
0,0
0,0
0,0
0,0
0
0,0,0,0,0,0,0,0
0,0,0,0,0,0,0,0
//AXRNGLMT 19
///CRC 1022308666
///COMMENT
16136,35182
0,0,0,0,0
0,0.000,0.000
0,0.000,0.000
0,0.000,0.000
0,0.000,0.000
0,0.000,0.000
0,0.000,0.000
0,0.000,0.000
0,0.000,0.000
0,0
0,0
0,0
0,0
0,0
0
0,0,0,0,0,0,0,0
0,0,0,0,0,0,0,0
//AXRNGLMT 20
///CRC 1022308666
///COMMENT
16136,35182
0,0,0,0,0
0,0.000,0.000
0,0.000,0.000
0,0.000,0.000
0,0.000,0.000
0,0.000,0.000
0,0.000,0.000
0,0.000,0.000
0,0.000,0.000
0,0
0,0
0,0
0,0
0,0
0
0,0,0,0,0,0,0,0
0,0,0,0,0,0,0,0
//AXRNGLMT 21
///CRC 1022308666
///COMMENT
16136,35182
0,0,0,0,0
0,0.000,0.000
0,0.000,0.000
0,0.000,0.000
0,0.000,0.000
0,0.000,0.000
0,0.000,0.000
0,0.000,0.000
0,0.000,0.000
0,0
0,0
0,0
0,0
0,0
0
0,0,0,0,0,0,0,0
0,0,0,0,0,0,0,0
//AXRNGLMT 22
///CRC 1022308666
///COMMENT
16136,35182
0,0,0,0,0
0,0.000,0.000
0,0.000,0.000
0,0.000,0.000
0,0.000,0.000
0,0.000,0.000
0,0.000,0.000
0,0.000,0.000
0,0.000,0.000
0,0
0,0
0,0
0,0
0,0
0
0,0,0,0,0,0,0,0
0,0,0,0,0,0,0,0
//AXRNGLMT 23
///CRC 1022308666
///COMMENT
16136,35182
0,0,0,0,0
0,0.000,0.000
0,0.000,0.000
0,0.000,0.000
0,0.000,0.000
0,0.000,0.000
0,0.000,0.000
0,0.000,0.000
0,0.000,0.000
0,0
0,0
0,0
0,0
0,0
0
0,0,0,0,0,0,0,0
0,0,0,0,0,0,0,0
//AXRNGLMT 24
///CRC 1022308666
///COMMENT
16136,35182
0,0,0,0,0
0,0.000,0.000
0,0.000,0.000
0,0.000,0.000
0,0.000,0.000
0,0.000,0.000
0,0.000,0.000
0,0.000,0.000
0,0.000,0.000
0,0
0,0
0,0
0,0
0,0
0
0,0,0,0,0,0,0,0
0,0,0,0,0,0,0,0
//AXRNGLMT 25
///CRC 1022308666
///COMMENT
16136,35182
0,0,0,0,0
0,0.000,0.000
0,0.000,0.000
0,0.000,0.000
0,0.000,0.000
0,0.000,0.000
0,0.000,0.000
0,0.000,0.000
0,0.000,0.000
0,0
0,0
0,0
0,0
0,0
0
0,0,0,0,0,0,0,0
0,0,0,0,0,0,0,0
//AXRNGLMT 26
///CRC 1022308666
///COMMENT
16136,35182
0,0,0,0,0
0,0.000,0.000
0,0.000,0.000
0,0.000,0.000
0,0.000,0.000
0,0.000,0.000
0,0.000,0.000
0,0.000,0.000
0,0.000,0.000
0,0
0,0
0,0
0,0
0,0
0
0,0,0,0,0,0,0,0
0,0,0,0,0,0,0,0
//AXRNGLMT 27
///CRC 1022308666
///COMMENT
16136,35182
0,0,0,0,0
0,0.000,0.000
0,0.000,0.000
0,0.000,0.000
0,0.000,0.000
0,0.000,0.000
0,0.000,0.000
0,0.000,0.000
0,0.000,0.000
0,0
0,0
0,0
0,0
0,0
0
0,0,0,0,0,0,0,0
0,0,0,0,0,0,0,0
//AXRNGLMT 28
///CRC 1022308666
///COMMENT
16136,35182
0,0,0,0,0
0,0.000,0.000
0,0.000,0.000
0,0.000,0.000
0,0.000,0.000
0,0.000,0.000
0,0.000,0.000
0,0.000,0.000
0,0.000,0.000
0,0
0,0
0,0
0,0
0,0
0
0,0,0,0,0,0,0,0
0,0,0,0,0,0,0,0
//AXRNGLMT 29
///CRC 1022308666
///COMMENT
16136,35182
0,0,0,0,0
0,0.000,0.000
0,0.000,0.000
0,0.000,0.000
0,0.000,0.000
0,0.000,0.000
0,0.000,0.000
0,0.000,0.000
0,0.000,0.000
0,0
0,0
0,0
0,0
0,0
0
0,0,0,0,0,0,0,0
0,0,0,0,0,0,0,0
//AXRNGLMT 30
///CRC 1022308666
///COMMENT
16136,35182
0,0,0,0,0
0,0.000,0.000
0,0.000,0.000
0,0.000,0.000
0,0.000,0.000
0,0.000,0.000
0,0.000,0.000
0,0.000,0.000
0,0.000,0.000
0,0
0,0
0,0
0,0
0,0
0
0,0,0,0,0,0,0,0
0,0,0,0,0,0,0,0
//AXRNGLMT 31
///CRC 1022308666
///COMMENT
16136,35182
0,0,0,0,0
0,0.000,0.000
0,0.000,0.000
0,0.000,0.000
0,0.000,0.000
0,0.000,0.000
0,0.000,0.000
0,0.000,0.000
0,0.000,0.000
0,0
0,0
0,0
0,0
0,0
0
0,0,0,0,0,0,0,0
0,0,0,0,0,0,0,0
//AXRNGLMT 32
///CRC 1022308666
///COMMENT
16136,35182
0,0,0,0,0
0,0.000,0.000
0,0.000,0.000
0,0.000,0.000
0,0.000,0.000
0,0.000,0.000
0,0.000,0.000
0,0.000,0.000
0,0.000,0.000
0,0
0,0
0,0
0,0
0,0
0
0,0,0,0,0,0,0,0
0,0,0,0,0,0,0,0
