//RBCALIB 1
///MTOOL 2
///MGROUP 1,0,0,0,0,0,0,0,0,0,0,0,0,0,0,0,0,0,0,0,0,0,0,0,0,0,0,0,0,0,0,0
///MPULSE
////MRBC1 C0000=172854,-24438,-18970,-58627,-39126,-8365
////MRBC2 C0001=172854,-7102,-83965,-127137,-40012,35496
////MRBC3 C0002=155412,26335,24246,-64943,-50545,-3872
///STOOL 2
///SGROUP 0,1,0,0,0,0,0,0,0,0,0,0,0,0,0,0,0,0,0,0,0,0,0,0,0,0,0,0,0,0,0,0
///SPULSE
////SRBC1 C0000=-183295,20560,16467,67602,-47275,1818
////SRBC2 C0001=-183110,35913,-44430,114562,-46550,-32700
////SRBC3 C0002=-166762,84875,95125,63404,-64938,7345
////SRANG -2135.959,-4.939,-6.363,-0.0003,0.3284,-179.9991
