//RBRNGLMT 1
///CRC 2145054300
///COMMENT
16136,35182
0,0,0,0,0,0
0,0,0,4
0,0
0,0
0,0
0,0
0,0
0,0
0,0
0,0
0,0
0,0
0,0
0,0
0,0
0,0
0,0
0,0
0,0
0,0
0,0
0,0
0,0
0,0
0
//RBRNGLMT 2
///CRC 2145054300
///COMMENT
16136,35182
0,0,0,0,0,0
0,0,0,4
0,0
0,0
0,0
0,0
0,0
0,0
0,0
0,0
0,0
0,0
0,0
0,0
0,0
0,0
0,0
0,0
0,0
0,0
0,0
0,0
0,0
0,0
0
//RBRNGLMT 3
///CRC 2145054300
///COMMENT
16136,35182
0,0,0,0,0,0
0,0,0,4
0,0
0,0
0,0
0,0
0,0
0,0
0,0
0,0
0,0
0,0
0,0
0,0
0,0
0,0
0,0
0,0
0,0
0,0
0,0
0,0
0,0
0,0
0
//RBRNGLMT 4
///CRC 2145054300
///COMMENT
16136,35182
0,0,0,0,0,0
0,0,0,4
0,0
0,0
0,0
0,0
0,0
0,0
0,0
0,0
0,0
0,0
0,0
0,0
0,0
0,0
0,0
0,0
0,0
0,0
0,0
0,0
0,0
0,0
0
//RBRNGLMT 5
///CRC 2145054300
///COMMENT
16136,35182
0,0,0,0,0,0
0,0,0,4
0,0
0,0
0,0
0,0
0,0
0,0
0,0
0,0
0,0
0,0
0,0
0,0
0,0
0,0
0,0
0,0
0,0
0,0
0,0
0,0
0,0
0,0
0
//RBRNGLMT 6
///CRC 2145054300
///COMMENT
16136,35182
0,0,0,0,0,0
0,0,0,4
0,0
0,0
0,0
0,0
0,0
0,0
0,0
0,0
0,0
0,0
0,0
0,0
0,0
0,0
0,0
0,0
0,0
0,0
0,0
0,0
0,0
0,0
0
//RBRNGLMT 7
///CRC 2145054300
///COMMENT
16136,35182
0,0,0,0,0,0
0,0,0,4
0,0
0,0
0,0
0,0
0,0
0,0
0,0
0,0
0,0
0,0
0,0
0,0
0,0
0,0
0,0
0,0
0,0
0,0
0,0
0,0
0,0
0,0
0
//RBRNGLMT 8
///CRC 2145054300
///COMMENT
16136,35182
0,0,0,0,0,0
0,0,0,4
0,0
0,0
0,0
0,0
0,0
0,0
0,0
0,0
0,0
0,0
0,0
0,0
0,0
0,0
0,0
0,0
0,0
0,0
0,0
0,0
0,0
0,0
0
//RBRNGLMT 9
///CRC 2145054300
///COMMENT
16136,35182
0,0,0,0,0,0
0,0,0,4
0,0
0,0
0,0
0,0
0,0
0,0
0,0
0,0
0,0
0,0
0,0
0,0
0,0
0,0
0,0
0,0
0,0
0,0
0,0
0,0
0,0
0,0
0
//RBRNGLMT 10
///CRC 2145054300
///COMMENT
16136,35182
0,0,0,0,0,0
0,0,0,4
0,0
0,0
0,0
0,0
0,0
0,0
0,0
0,0
0,0
0,0
0,0
0,0
0,0
0,0
0,0
0,0
0,0
0,0
0,0
0,0
0,0
0,0
0
//RBRNGLMT 11
///CRC 2145054300
///COMMENT
16136,35182
0,0,0,0,0,0
0,0,0,4
0,0
0,0
0,0
0,0
0,0
0,0
0,0
0,0
0,0
0,0
0,0
0,0
0,0
0,0
0,0
0,0
0,0
0,0
0,0
0,0
0,0
0,0
0
//RBRNGLMT 12
///CRC 2145054300
///COMMENT
16136,35182
0,0,0,0,0,0
0,0,0,4
0,0
0,0
0,0
0,0
0,0
0,0
0,0
0,0
0,0
0,0
0,0
0,0
0,0
0,0
0,0
0,0
0,0
0,0
0,0
0,0
0,0
0,0
0
//RBRNGLMT 13
///CRC 2145054300
///COMMENT
16136,35182
0,0,0,0,0,0
0,0,0,4
0,0
0,0
0,0
0,0
0,0
0,0
0,0
0,0
0,0
0,0
0,0
0,0
0,0
0,0
0,0
0,0
0,0
0,0
0,0
0,0
0,0
0,0
0
//RBRNGLMT 14
///CRC 2145054300
///COMMENT
16136,35182
0,0,0,0,0,0
0,0,0,4
0,0
0,0
0,0
0,0
0,0
0,0
0,0
0,0
0,0
0,0
0,0
0,0
0,0
0,0
0,0
0,0
0,0
0,0
0,0
0,0
0,0
0,0
0
//RBRNGLMT 15
///CRC 2145054300
///COMMENT
16136,35182
0,0,0,0,0,0
0,0,0,4
0,0
0,0
0,0
0,0
0,0
0,0
0,0
0,0
0,0
0,0
0,0
0,0
0,0
0,0
0,0
0,0
0,0
0,0
0,0
0,0
0,0
0,0
0
//RBRNGLMT 16
///CRC 2145054300
///COMMENT
16136,35182
0,0,0,0,0,0
0,0,0,4
0,0
0,0
0,0
0,0
0,0
0,0
0,0
0,0
0,0
0,0
0,0
0,0
0,0
0,0
0,0
0,0
0,0
0,0
0,0
0,0
0,0
0,0
0
//RBRNGLMT 17
///CRC 2145054300
///COMMENT
16136,35182
0,0,0,0,0,0
0,0,0,4
0,0
0,0
0,0
0,0
0,0
0,0
0,0
0,0
0,0
0,0
0,0
0,0
0,0
0,0
0,0
0,0
0,0
0,0
0,0
0,0
0,0
0,0
0
//RBRNGLMT 18
///CRC 2145054300
///COMMENT
16136,35182
0,0,0,0,0,0
0,0,0,4
0,0
0,0
0,0
0,0
0,0
0,0
0,0
0,0
0,0
0,0
0,0
0,0
0,0
0,0
0,0
0,0
0,0
0,0
0,0
0,0
0,0
0,0
0
//RBRNGLMT 19
///CRC 2145054300
///COMMENT
16136,35182
0,0,0,0,0,0
0,0,0,4
0,0
0,0
0,0
0,0
0,0
0,0
0,0
0,0
0,0
0,0
0,0
0,0
0,0
0,0
0,0
0,0
0,0
0,0
0,0
0,0
0,0
0,0
0
//RBRNGLMT 20
///CRC 2145054300
///COMMENT
16136,35182
0,0,0,0,0,0
0,0,0,4
0,0
0,0
0,0
0,0
0,0
0,0
0,0
0,0
0,0
0,0
0,0
0,0
0,0
0,0
0,0
0,0
0,0
0,0
0,0
0,0
0,0
0,0
0
//RBRNGLMT 21
///CRC 2145054300
///COMMENT
16136,35182
0,0,0,0,0,0
0,0,0,4
0,0
0,0
0,0
0,0
0,0
0,0
0,0
0,0
0,0
0,0
0,0
0,0
0,0
0,0
0,0
0,0
0,0
0,0
0,0
0,0
0,0
0,0
0
//RBRNGLMT 22
///CRC 2145054300
///COMMENT
16136,35182
0,0,0,0,0,0
0,0,0,4
0,0
0,0
0,0
0,0
0,0
0,0
0,0
0,0
0,0
0,0
0,0
0,0
0,0
0,0
0,0
0,0
0,0
0,0
0,0
0,0
0,0
0,0
0
//RBRNGLMT 23
///CRC 2145054300
///COMMENT
16136,35182
0,0,0,0,0,0
0,0,0,4
0,0
0,0
0,0
0,0
0,0
0,0
0,0
0,0
0,0
0,0
0,0
0,0
0,0
0,0
0,0
0,0
0,0
0,0
0,0
0,0
0,0
0,0
0
//RBRNGLMT 24
///CRC 2145054300
///COMMENT
16136,35182
0,0,0,0,0,0
0,0,0,4
0,0
0,0
0,0
0,0
0,0
0,0
0,0
0,0
0,0
0,0
0,0
0,0
0,0
0,0
0,0
0,0
0,0
0,0
0,0
0,0
0,0
0,0
0
//RBRNGLMT 25
///CRC 2145054300
///COMMENT
16136,35182
0,0,0,0,0,0
0,0,0,4
0,0
0,0
0,0
0,0
0,0
0,0
0,0
0,0
0,0
0,0
0,0
0,0
0,0
0,0
0,0
0,0
0,0
0,0
0,0
0,0
0,0
0,0
0
//RBRNGLMT 26
///CRC 2145054300
///COMMENT
16136,35182
0,0,0,0,0,0
0,0,0,4
0,0
0,0
0,0
0,0
0,0
0,0
0,0
0,0
0,0
0,0
0,0
0,0
0,0
0,0
0,0
0,0
0,0
0,0
0,0
0,0
0,0
0,0
0
//RBRNGLMT 27
///CRC 2145054300
///COMMENT
16136,35182
0,0,0,0,0,0
0,0,0,4
0,0
0,0
0,0
0,0
0,0
0,0
0,0
0,0
0,0
0,0
0,0
0,0
0,0
0,0
0,0
0,0
0,0
0,0
0,0
0,0
0,0
0,0
0
//RBRNGLMT 28
///CRC 2145054300
///COMMENT
16136,35182
0,0,0,0,0,0
0,0,0,4
0,0
0,0
0,0
0,0
0,0
0,0
0,0
0,0
0,0
0,0
0,0
0,0
0,0
0,0
0,0
0,0
0,0
0,0
0,0
0,0
0,0
0,0
0
//RBRNGLMT 29
///CRC 2145054300
///COMMENT
16136,35182
0,0,0,0,0,0
0,0,0,4
0,0
0,0
0,0
0,0
0,0
0,0
0,0
0,0
0,0
0,0
0,0
0,0
0,0
0,0
0,0
0,0
0,0
0,0
0,0
0,0
0,0
0,0
0
//RBRNGLMT 30
///CRC 2145054300
///COMMENT
16136,35182
0,0,0,0,0,0
0,0,0,4
0,0
0,0
0,0
0,0
0,0
0,0
0,0
0,0
0,0
0,0
0,0
0,0
0,0
0,0
0,0
0,0
0,0
0,0
0,0
0,0
0,0
0,0
0
//RBRNGLMT 31
///CRC 2145054300
///COMMENT
16136,35182
0,0,0,0,0,0
0,0,0,4
0,0
0,0
0,0
0,0
0,0
0,0
0,0
0,0
0,0
0,0
0,0
0,0
0,0
0,0
0,0
0,0
0,0
0,0
0,0
0,0
0,0
0,0
0
//RBRNGLMT 32
///CRC 2145054300
///COMMENT
16136,35182
0,0,0,0,0,0
0,0,0,4
0,0
0,0
0,0
0,0
0,0
0,0
0,0
0,0
0,0
0,0
0,0
0,0
0,0
0,0
0,0
0,0
0,0
0,0
0,0
0,0
0,0
0,0
0
