/SFLOGIC
//SFLCIRCUIT
 , , , , , , ,
 , , , , , , ,
 , , , , , , ,
 , , , , , , ,
 , , , , , , ,
 , , , , , , ,
 , , , , , , ,
 , , , , , , ,
 , , , , , , ,
 , , , , , , ,
 , , , , , , ,
 , , , , , , ,
 , , , , , , ,
 , , , , , , ,
 , , , , , , ,
 , , , , , , ,
 , , , , , , ,
 , , , , , , ,
 , , , , , , ,
 , , , , , , ,
 , , , , , , ,
 , , , , , , ,
 , , , , , , ,
 , , , , , , ,
 , , , , , , ,
 , , , , , , ,
 , , , , , , ,
 , , , , , , ,
 , , , , , , ,
 , , , , , , ,
 , , , , , , ,
 , , , , , , ,
 , , , , , , ,
 , , , , , , ,
 , , , , , , ,
 , , , , , , ,
 , , , , , , ,
 , , , , , , ,
 , , , , , , ,
 , , , , , , ,
 , , , , , , ,
 , , , , , , ,
 , , , , , , ,
 , , , , , , ,
 , , , , , , ,
 , , , , , , ,
 , , , , , , ,
 , , , , , , ,
 , , , , , , ,
 , , , , , , ,
 , , , , , , ,
 , , , , , , ,
 , , , , , , ,
 , , , , , , ,
 , , , , , , ,
 , , , , , , ,
 , , , , , , ,
 , , , , , , ,
 , , , , , , ,
 , , , , , , ,
 , , , , , , ,
 , , , , , , ,
 , , , , , , ,
 , , , , , , ,
 , , , , , , ,
 , , , , , , ,
 , , , , , , ,
 , , , , , , ,
 , , , , , , ,
 , , , , , , ,
 , , , , , , ,
 , , , , , , ,
 , , , , , , ,
 , , , , , , ,
 , , , , , , ,
 , , , , , , ,
 , , , , , , ,
 , , , , , , ,
 , , , , , , ,
 , , , , , , ,
 , , , , , , ,
 , , , , , , ,
 , , , , , , ,
 , , , , , , ,
 , , , , , , ,
 , , , , , , ,
 , , , , , , ,
 , , , , , , ,
 , , , , , , ,
 , , , , , , ,
 , , , , , , ,
 , , , , , , ,
 , , , , , , ,
 , , , , , , ,
 , , , , , , ,
 , , , , , , ,
 , , , , , , ,
 , , , , , , ,
 , , , , , , ,
 , , , , , , ,
 , , , , , , ,
 , , , , , , ,
 , , , , , , ,
 , , , , , , ,
 , , , , , , ,
 , , , , , , ,
 , , , , , , ,
 , , , , , , ,
 , , , , , , ,
 , , , , , , ,
 , , , , , , ,
 , , , , , , ,
 , , , , , , ,
 , , , , , , ,
 , , , , , , ,
 , , , , , , ,
 , , , , , , ,
 , , , , , , ,
 , , , , , , ,
 , , , , , , ,
 , , , , , , ,
 , , , , , , ,
 , , , , , , ,
 , , , , , , ,
 , , , , , , ,
 , , , , , , ,
 , , , , , , ,
 , , , , , , ,
//YSFSET
///YSF22-E# 1
0,0,
0,0,
///YSF22-E# 2
0,0,
0,0,
///YSF22-E# 3
0,0,
0,0,
///YSF22-E# 4
0,0,
0,0,
///YSF22-E# 5
0,0,
0,0,
///YSF22-E# 6
0,0,
0,0,
///YSF22-E# 7
0,0,
0,0,
///YSF22-E# 8
0,0,
0,0,
//YSFTMR
///TMR 1
25,25,
///TMR 2
25,25,
///TMR 3
25,25,
///TMR 4
25,25,
//SFBSET
///SFBIN 0
0,,
///SFBIN 1
0,,
///SFBIN 2
0,,
///SFBIN 3
0,,
///SFBIN 4
0,,
///SFBIN 5
0,,
///SFBIN 6
0,,
///SFBIN 7
0,,
///SFBIN 8
0,,
///SFBIN 9
0,,
///SFBIN 10
0,,
///SFBIN 11
0,,
///SFBIN 12
0,,
///SFBIN 13
0,,
///SFBIN 14
0,,
///SFBIN 15
0,,
///SFBIN 16
0,,
///SFBIN 17
0,,
///SFBIN 18
0,,
///SFBIN 19
0,,
///SFBIN 20
0,,
///SFBIN 21
0,,
///SFBIN 22
0,,
///SFBIN 23
0,,
///SFBIN 24
0,,
///SFBIN 25
0,,
///SFBIN 26
0,,
///SFBIN 27
0,,
///SFBIN 28
0,,
///SFBIN 29
0,,
///SFBIN 30
0,,
///SFBIN 31
0,,
///SFBIN 32
0,,
///SFBIN 33
0,,
///SFBIN 34
0,,
///SFBIN 35
0,,
///SFBIN 36
0,,
///SFBIN 37
0,,
///SFBIN 38
0,,
///SFBIN 39
0,,
///SFBIN 40
0,,
///SFBIN 41
0,,
///SFBIN 42
0,,
///SFBIN 43
0,,
///SFBIN 44
0,,
///SFBIN 45
0,,
///SFBIN 46
0,,
///SFBIN 47
0,,
///SFBIN 48
0,,
///SFBIN 49
0,,
///SFBIN 50
0,,
///SFBIN 51
0,,
///SFBIN 52
0,,
///SFBIN 53
0,,
///SFBIN 54
0,,
///SFBIN 55
0,,
///SFBIN 56
0,,
///SFBIN 57
0,,
///SFBIN 58
0,,
///SFBIN 59
0,,
///SFBIN 60
0,,
///SFBIN 61
0,,
///SFBIN 62
0,,
///SFBIN 63
0,,
///SFBOUT 0
0,,
///SFBOUT 1
0,,
///SFBOUT 2
0,,
///SFBOUT 3
0,,
///SFBOUT 4
0,,
///SFBOUT 5
0,,
///SFBOUT 6
0,,
///SFBOUT 7
0,,
///SFBOUT 8
0,,
///SFBOUT 9
0,,
///SFBOUT 10
0,,
///SFBOUT 11
0,,
///SFBOUT 12
0,,
///SFBOUT 13
0,,
///SFBOUT 14
0,,
///SFBOUT 15
0,,
///SFBOUT 16
0,,
///SFBOUT 17
0,,
///SFBOUT 18
0,,
///SFBOUT 19
0,,
///SFBOUT 20
0,,
///SFBOUT 21
0,,
///SFBOUT 22
0,,
///SFBOUT 23
0,,
///SFBOUT 24
0,,
///SFBOUT 25
0,,
///SFBOUT 26
0,,
///SFBOUT 27
0,,
///SFBOUT 28
0,,
///SFBOUT 29
0,,
///SFBOUT 30
0,,
///SFBOUT 31
0,,
///SFBOUT 32
0,,
///SFBOUT 33
0,,
///SFBOUT 34
0,,
///SFBOUT 35
0,,
///SFBOUT 36
0,,
///SFBOUT 37
0,,
///SFBOUT 38
0,,
///SFBOUT 39
0,,
///SFBOUT 40
0,,
///SFBOUT 41
0,,
///SFBOUT 42
0,,
///SFBOUT 43
0,,
///SFBOUT 44
0,,
///SFBOUT 45
0,,
///SFBOUT 46
0,,
///SFBOUT 47
0,,
///SFBOUT 48
0,,
///SFBOUT 49
0,,
///SFBOUT 50
0,,
///SFBOUT 51
0,,
///SFBOUT 52
0,,
///SFBOUT 53
0,,
///SFBOUT 54
0,,
///SFBOUT 55
0,,
///SFBOUT 56
0,,
///SFBOUT 57
0,,
///SFBOUT 58
0,,
///SFBOUT 59
0,,
///SFBOUT 60
0,,
///SFBOUT 61
0,,
///SFBOUT 62
0,,
///SFBOUT 63
0,,
//YFSSET
///YSF24-E# 1
0,0,
0,0,
0,0,
0,0,
0,0,
0,0,
0,0,
0,0,
0,0,
0,0,
0,0,
0,0,
0,0,
0,0,
0,0,
0,0,
///YSF24-E# 2
0,0,
0,0,
0,0,
0,0,
0,0,
0,0,
0,0,
0,0,
0,0,
0,0,
0,0,
0,0,
0,0,
0,0,
0,0,
0,0,
///YSF24-E# 3
0,0,
0,0,
0,0,
0,0,
0,0,
0,0,
0,0,
0,0,
0,0,
0,0,
0,0,
0,0,
0,0,
0,0,
0,0,
0,0,
///YSF24-E# 4
0,0,
0,0,
0,0,
0,0,
0,0,
0,0,
0,0,
0,0,
0,0,
0,0,
0,0,
0,0,
0,0,
0,0,
0,0,
0,0,
///YSF24-E# 5
0,0,
0,0,
0,0,
0,0,
0,0,
0,0,
0,0,
0,0,
0,0,
0,0,
0,0,
0,0,
0,0,
0,0,
0,0,
0,0,
///YSF24-E# 6
0,0,
0,0,
0,0,
0,0,
0,0,
0,0,
0,0,
0,0,
0,0,
0,0,
0,0,
0,0,
0,0,
0,0,
0,0,
0,0,
///YSF24-E# 7
0,0,
0,0,
0,0,
0,0,
0,0,
0,0,
0,0,
0,0,
0,0,
0,0,
0,0,
0,0,
0,0,
0,0,
0,0,
0,0,
///YSF24-E# 8
0,0,
0,0,
0,0,
0,0,
0,0,
0,0,
0,0,
0,0,
0,0,
0,0,
0,0,
0,0,
0,0,
0,0,
0,0,
0,0,
//SFLEXTSET
///MS-OUT 0
0,,
///MS-OUT 1
0,,
///MS-OUT 2
0,,
///MS-OUT 3
0,,
///MS-OUT 4
0,,
///MS-OUT 5
0,,
///MS-OUT 6
0,,
///MS-OUT 7
0,,
///MS-OUT 8
0,,
///MS-OUT 9
0,,
///MS-OUT 10
0,,
///MS-OUT 11
0,,
///MS-OUT 12
0,,
///MS-OUT 13
0,,
///MS-OUT 14
0,,
///MS-OUT 15
0,,
///MS-OUT 16
0,,
///MS-OUT 17
0,,
///MS-OUT 18
0,,
///MS-OUT 19
0,,
///MS-OUT 20
0,,
///MS-OUT 21
0,,
///MS-OUT 22
0,,
///MS-OUT 23
0,,
///MS-OUT 24
0,,
///MS-OUT 25
0,,
///MS-OUT 26
0,,
///MS-OUT 27
0,,
///MS-OUT 28
0,,
///MS-OUT 29
0,,
///MS-OUT 30
0,,
///MS-OUT 31
0,,
///MS-OUT 32
0,,
///MS-OUT 33
0,,
///MS-OUT 34
0,,
///MS-OUT 35
0,,
///MS-OUT 36
0,,
///MS-OUT 37
0,,
///MS-OUT 38
0,,
///MS-OUT 39
0,,
///MS-OUT 40
0,,
///MS-OUT 41
0,,
///MS-OUT 42
0,,
///MS-OUT 43
0,,
///MS-OUT 44
0,,
///MS-OUT 45
0,,
///MS-OUT 46
0,,
///MS-OUT 47
0,,
///MS-OUT 48
0,,
///MS-OUT 49
0,,
///MS-OUT 50
0,,
///MS-OUT 51
0,,
///MS-OUT 52
0,,
///MS-OUT 53
0,,
///MS-OUT 54
0,,
///MS-OUT 55
0,,
///MS-OUT 56
0,,
///MS-OUT 57
0,,
///MS-OUT 58
0,,
///MS-OUT 59
0,,
///MS-OUT 60
0,,
///MS-OUT 61
0,,
///MS-OUT 62
0,,
///MS-OUT 63
0,,
///FS-OUT 0
0,,
///FS-OUT 1
0,,
///FS-OUT 2
0,,
///FS-OUT 3
0,,
///FS-OUT 4
0,,
///FS-OUT 5
0,,
///FS-OUT 6
0,,
///FS-OUT 7
0,,
///FS-OUT 8
0,,
///FS-OUT 9
0,,
///FS-OUT 10
0,,
///FS-OUT 11
0,,
///FS-OUT 12
0,,
///FS-OUT 13
0,,
///FS-OUT 14
0,,
///FS-OUT 15
0,,
///FS-OUT 16
0,,
///FS-OUT 17
0,,
///FS-OUT 18
0,,
///FS-OUT 19
0,,
///FS-OUT 20
0,,
///FS-OUT 21
0,,
///FS-OUT 22
0,,
///FS-OUT 23
0,,
///FS-OUT 24
0,,
///FS-OUT 25
0,,
///FS-OUT 26
0,,
///FS-OUT 27
0,,
///FS-OUT 28
0,,
///FS-OUT 29
0,,
///FS-OUT 30
0,,
///FS-OUT 31
0,,
///FS-OUT 32
0,,
///FS-OUT 33
0,,
///FS-OUT 34
0,,
///FS-OUT 35
0,,
///FS-OUT 36
0,,
///FS-OUT 37
0,,
///FS-OUT 38
0,,
///FS-OUT 39
0,,
///FS-OUT 40
0,,
///FS-OUT 41
0,,
///FS-OUT 42
0,,
///FS-OUT 43
0,,
///FS-OUT 44
0,,
///FS-OUT 45
0,,
///FS-OUT 46
0,,
///FS-OUT 47
0,,
///FS-OUT 48
0,,
///FS-OUT 49
0,,
///FS-OUT 50
0,,
///FS-OUT 51
0,,
///FS-OUT 52
0,,
///FS-OUT 53
0,,
///FS-OUT 54
0,,
///FS-OUT 55
0,,
///FS-OUT 56
0,,
///FS-OUT 57
0,,
///FS-OUT 58
0,,
///FS-OUT 59
0,,
///FS-OUT 60
0,,
///FS-OUT 61
0,,
///FS-OUT 62
0,,
///FS-OUT 63
0,,
//SFLCOMMENT
,
,
,
,
,
,
,
,
,
,
,
,
,
,
,
,
,
,
,
,
,
,
,
,
,
,
,
,
,
,
,
,
,
,
,
,
,
,
,
,
,
,
,
,
,
,
,
,
,
,
,
,
,
,
,
,
,
,
,
,
,
,
,
,
,
,
,
,
,
,
,
,
,
,
,
,
,
,
,
,
,
,
,
,
,
,
,
,
,
,
,
,
,
,
,
,
,
,
,
,
,
,
,
,
,
,
,
,
,
,
,
,
,
,
,
,
,
,
,
,
,
,
,
,
,
,
,
,
//SFLTMR
0,
0,
0,
0,
0,
0,
0,
0,
//SFLSTSSET
Normal Close,
Normal Close,
Normal Close,
Normal Close,
Normal Close,
Normal Close,
Normal Open,
Normal Close,
Normal Close,
//FSSETCOMM
///YSF24-E# 1
,,
,,
,,
,,
,,
,,
,,
,,
,,
,,
,,
,,
,,
,,
,,
,,
///YSF24-E# 2
,,
,,
,,
,,
,,
,,
,,
,,
,,
,,
,,
,,
,,
,,
,,
,,
///YSF24-E# 3
,,
,,
,,
,,
,,
,,
,,
,,
,,
,,
,,
,,
,,
,,
,,
,,
///YSF24-E# 4
,,
,,
,,
,,
,,
,,
,,
,,
,,
,,
,,
,,
,,
,,
,,
,,
///YSF24-E# 5
,,
,,
,,
,,
,,
,,
,,
,,
,,
,,
,,
,,
,,
,,
,,
,,
///YSF24-E# 6
,,
,,
,,
,,
,,
,,
,,
,,
,,
,,
,,
,,
,,
,,
,,
,,
///YSF24-E# 7
,,
,,
,,
,,
,,
,,
,,
,,
,,
,,
,,
,,
,,
,,
,,
,,
///YSF24-E# 8
,,
,,
,,
,,
,,
,,
,,
,,
,,
,,
,,
,,
,,
,,
,,
,,
//SPINCOMM
,
,
,
,
,
,
,
,
,
,
,
,
,
,
,
,
,
,
,
,
,
,
,
,
,
,
,
,
,
,
,
,
//SFLGCSYS
 , , , , , , ,
 , , , , , , ,
 , , , , , , ,
 , , , , , , ,
 , , , , , , ,
 , , , , , , ,
 , , , , , , ,
 , , , , , , ,
 , , , , , , ,
 , , , , , , ,
 , , , , , , ,
 , , , , , , ,
 , , , , , , ,
 , , , , , , ,
 , , , , , , ,
 , , , , , , ,
 , , , , , , ,
 , , , , , , ,
 , , , , , , ,
 , , , , , , ,
 , , , , , , ,
 , , , , , , ,
 , , , , , , ,
 , , , , , , ,
 , , , , , , ,
 , , , , , , ,
 , , , , , , ,
 , , , , , , ,
 , , , , , , ,
 , , , , , , ,
 , , , , , , ,
 , , , , , , ,
 , , , , , , ,
 , , , , , , ,
 , , , , , , ,
 , , , , , , ,
 , , , , , , ,
 , , , , , , ,
 , , , , , , ,
 , , , , , , ,
 , , , , , , ,
 , , , , , , ,
 , , , , , , ,
 , , , , , , ,
 , , , , , , ,
 , , , , , , ,
 , , , , , , ,
 , , , , , , ,
 , , , , , , ,
 , , , , , , ,
 , , , , , , ,
 , , , , , , ,
 , , , , , , ,
 , , , , , , ,
 , , , , , , ,
 , , , , , , ,
 , , , , , , ,
 , , , , , , ,
 , , , , , , ,
 , , , , , , ,
 , , , , , , ,
 , , , , , , ,
 , , , , , , ,
 , , , , , , ,
 , , , , , , ,
 , , , , , , ,
 , , , , , , ,
 , , , , , , ,
 , , , , , , ,
 , , , , , , ,
 , , , , , , ,
 , , , , , , ,
 , , , , , , ,
 , , , , , , ,
 , , , , , , ,
 , , , , , , ,
 , , , , , , ,
 , , , , , , ,
 , , , , , , ,
 , , , , , , ,
 , , , , , , ,
 , , , , , , ,
 , , , , , , ,
 , , , , , , ,
 , , , , , , ,
 , , , , , , ,
 , , , , , , ,
 , , , , , , ,
 , , , , , , ,
 , , , , , , ,
 , , , , , , ,
 , , , , , , ,
 , , , , , , ,
 , , , , , , ,
 , , , , , , ,
 , , , , , , ,
 , , , , , , ,
 , , , , , , ,
 , , , , , , ,
 , , , , , , ,
 , , , , , , ,
 , , , , , , ,
 , , , , , , ,
 , , , , , , ,
 , , , , , , ,
 , , , , , , ,
 , , , , , , ,
 , , , , , , ,
 , , , , , , ,
 , , , , , , ,
 , , , , , , ,
 , , , , , , ,
 , , , , , , ,
 , , , , , , ,
 , , , , , , ,
 , , , , , , ,
 , , , , , , ,
 , , , , , , ,
 , , , , , , ,
 , , , , , , ,
 , , , , , , ,
 , , , , , , ,
 , , , , , , ,
 , , , , , , ,
 , , , , , , ,
 , , , , , , ,
 , , , , , , ,
 , , , , , , ,
//SFLSYSCOMM
,
,
,
,
,
,
,
,
,
,
,
,
,
,
,
,
,
,
,
,
,
,
,
,
,
,
,
,
,
,
,
,
,
,
,
,
,
,
,
,
,
,
,
,
,
,
,
,
,
,
,
,
,
,
,
,
,
,
,
,
,
,
,
,
,
,
,
,
,
,
,
,
,
,
,
,
,
,
,
,
,
,
,
,
,
,
,
,
,
,
,
,
,
,
,
,
,
,
,
,
,
,
,
,
,
,
,
,
,
,
,
,
,
,
,
,
,
,
,
,
,
,
,
,
,
,
,
,
